592 19631 AQM 731
449 27504 YVW 577
996 19463 QKC 199
239 2609 OOT 1085
135 3829 LQQ 2
432 30502 DZL 738
522 15137 RFQ 1446
75 8313 CUK 528
194 26113 YTI 225
600 22860 YMK 1028
235 8194 WKE 78
224 16398 GEK 203
419 10681 HRW 492
133 26740 WAX 1265
802 27038 KRX 794
225 19569 GZV 532
128 28296 LEF 876
690 15238 VSP 513
939 24620 AQQ 543
768 18709 HQL 341
849 14016 IEB 1195
187 25269 DJG 1210
884 2406 SRJ 12
732 30712 WWY 509
706 1751 DRL 436
410 6741 MKN 288
388 24779 OCL 1003
406 28135 HVY 740
319 21078 EWJ 469
313 26517 RQY 802
707 16693 SCI 1345
947 26099 ZXT 301
369 1836 HCE 1087
923 31999 ERD 1434
750 25668 WFK 1051
785 25524 YHG 762
791 29789 ONX 1161
423 8978 JJH 851
56 17861 YLN 266
821 16984 YRH 1498
110 6072 WZD 1070
2 5705 NLF 968
173 1650 UCZ 1360
723 32612 OJL 1140
951 4698 GGL 69
608 27530 PYA 911
21 9930 PSF 1401
962 3617 BCI 119
199 4693 GYC 258
440 25333 JMP 254
167 14606 RPI 710
189 7815 AXA 808
699 24514 ZXS 716
40 14309 YHF 1114
744 13647 SBZ 723
130 28112 PNP 554
126 19855 ZMW 630
30 6422 MYE 1424
205 23941 LQF 550
435 29962 NTA 37
376 21 IUS 536
726 2641 QJK 1021
371 8546 MVN 1386
201 8405 MEC 745
683 26248 VFI 684
4 32391 SCX 293
601 6878 TZJ 543
453 29731 NXT 908
485 18792 VLD 615
551 24958 XWJ 433
240 13509 KNF 600
339 2529 XGI 1384
444 10002 UCV 140
842 15255 KWW 1176
261 11027 UHS 1190
193 788 FKE 209
420 1695 DUK 98
932 12274 AFC 488
688 8493 GPU 321
526 841 JNE 1467
534 9834 XXP 753
890 10886 JPY 541
385 3276 DOJ 7
412 12737 KJL 245
883 6153 WDN 733
604 32053 NMT 1355
598 10559 LPQ 1377
804 23865 WXQ 148
929 13803 EIR 765
471 18423 YZK 223
869 18364 TXG 854
450 5154 TOQ 1162
745 27896 RVG 97
725 11857 YUY 230
616 28240 QVR 1333
147 11247 MYH 1376
549 16251 SGU 1011
966 6890 VKS 480
76 18787 ZSH 1209
658 21086 KUD 44
183 30003 BFK 401
211 30114 HCW 1224
109 6540 PAR 878
504 6646 LEP 942
405 8616 EBM 978
799 1936 AAL 702
478 7540 ETA 908
748 1949 FCB 1298
746 9034 LUN 1180
165 9515 YUP 1425
283 7208 ONZ 668
659 12911 EDU 1365
710 24588 JSQ 1297
851 39 FHD 666
837 8672 DII 1446
878 2514 UOW 1187
553 32676 XPA 670
118 2607 NBN 1074
897 29503 WQQ 495
899 10557 NSK 1172
258 11643 UZW 1089
1 15724 MEA 481
597 26333 QRT 1435
121 17825 XIO 456
994 26040 TTC 1478
265 20267 HHS 1489
33 6483 JLO 367
461 9273 XYC 920
803 5638 ZAD 395
479 3760 GND 635
567 21098 ESB 24
332 29859 MKX 927
590 22740 OZK 308
209 21293 SGO 1362
708 1511 PIW 952
398 16741 UOF 531
25 24767 VAB 61
693 4157 BQM 139
36 8281 CBX 936
970 13830 TMP 332
112 29337 BBH 905
168 20626 QFL 77
834 8938 ROQ 501
131 26488 HGX 1091
413 14091 QTS 916
24 23986 EJU 1370
472 5566 VBN 258
579 26611 QPK 142
677 16296 EIC 937
433 31203 SRK 1142
115 4565 HOO 1375
62 30145 QIJ 1150
99 24596 TBD 1047
360 4872 UQP 109
781 27441 SYO 1381
409 27606 UDQ 629
495 10599 QTM 662
727 32701 VJG 206
938 3716 CWM 1269
841 31723 FNY 1149
995 12083 UEG 450
978 23016 MPB 354
271 32528 JWL 867
274 14867 JSJ 264
981 5268 SSW 309
507 27251 DYG 16
974 2334 TKS 1291
979 20747 VBA 773
48 6038 ZQR 464
64 22549 RCB 194
496 17589 EPB 955
809 11211 BCC 45
718 13143 JQR 1073
191 24774 ITD 546
667 20403 RFF 531
188 13971 ELR 572
465 23152 OKA 412
244 15495 SQM 1412
956 23978 SDD 186
740 30742 HUH 557
896 26658 FIF 236
349 15813 LBG 583
730 2774 UTH 398
442 30338 JOP 854
946 29102 VQC 824
593 26919 HZX 1138
847 27892 YYH 196
675 28299 WXF 331
763 7357 SGC 1151
292 13210 DYR 992
872 23179 LTE 1039
32 17410 PMX 563
282 6608 WZM 542
788 22471 TOP 518
915 23669 EIW 458
879 22199 FCC 945
181 2220 UHJ 1382
940 16406 NNY 706
893 26074 HHW 1325
694 17723 WMX 664
753 10700 JAH 1051
216 10647 AYX 1101
665 18125 CYQ 411
509 1071 WPJ 794
984 4583 NRL 584
494 19814 WTF 106
125 10548 VOJ 153
516 26897 GUP 793
605 21693 ITS 602
295 11159 IVD 452
850 16088 TOE 311
100 1264 SOE 534
632 12628 LWU 1119
587 13171 TTE 243
393 14218 YYO 1069
134 11192 NSN 23
925 9074 FBG 1217
798 8729 MSC 318
515 21862 OTK 746
232 19135 JZU 1348
638 24828 IPV 36
663 17929 LBK 499
840 18683 TGR 1475
245 28255 OGE 1339
625 28765 EQI 1069
651 8627 JSE 101
508 2737 CUY 870
697 25813 NKY 760
669 22892 CUP 370
609 5628 LEY 853
390 15993 WCL 509
810 29942 MWH 606
709 11544 QIG 1276
751 225 OUO 491
356 31647 JPW 495
894 15024 NVC 1477
14 27446 PEV 387
767 22284 DZX 626
392 32671 BYJ 107
146 4975 FRI 113
386 32588 KVF 741
811 15257 SSI 1016
375 18136 PQF 743
379 22640 JTL 808
856 15713 VBV 688
585 25367 DKE 669
66 24488 GBU 127
689 20173 TUH 345
647 24593 KRQ 1265
574 25476 JXP 792
284 22015 JHG 326
631 3380 NOT 1364
488 11149 RTN 116
491 23967 AFM 1386
68 4313 TLH 913
389 27196 RIN 293
139 23992 GLS 770
13 30106 SYY 164
644 17860 XRN 849
484 3034 TTY 292
686 484 FDF 1294
865 1675 UBR 308
407 1908 JIS 391
733 28822 ZLU 490
67 11701 MBO 272
418 31490 PVL 575
829 2343 DND 1250
408 10293 HAT 1077
614 26946 JIG 1142
117 16972 HRQ 1465
63 12423 DWV 538
814 12584 AHM 1207
190 28082 ERO 501
314 15469 GIN 98
796 14550 CPU 862
309 20899 GRZ 118
203 5686 POF 69
238 3805 TSQ 117
397 3565 BTU 496
103 21763 AZU 339
391 19105 DXR 137
219 4575 AZC 410
945 27804 VJL 788
446 23188 CMB 1457
765 18061 VLW 297
624 18040 EAA 41
569 15463 AHN 150
650 30435 QOU 1373
186 12508 DHT 17
237 32611 RJV 1069
47 27157 KOA 301
137 29541 ZOT 694
621 12253 RBL 1046
334 4747 CKQ 455
16 19629 NIM 769
394 21028 OTH 1499
626 30731 PYF 758
234 19281 NAR 172
60 19976 ZCO 440
778 28522 XGL 1053
415 5907 UUJ 1308
610 8182 VKP 297
543 16321 WKK 522
696 2097 GJQ 14
11 12859 NRV 779
969 27579 BCD 1394
815 32106 YWT 117
752 15384 RWM 209
861 12121 KRU 84
988 101 TYV 645
228 14161 ARX 331
151 25508 EYH 1342
19 21538 YCX 53
964 23425 XUG 453
80 17773 EVQ 704
571 17117 ICB 1310
31 29168 QNQ 157
49 6191 DIU 1019
467 26177 BQL 1157
403 31981 QPN 1108
635 2872 QHZ 959
455 13043 OSD 352
914 14899 YPE 940
476 4287 XYT 640
345 17984 JOL 1018
783 5137 PRZ 31
876 16715 JWZ 1173
634 27837 WBW 225
73 21659 GXP 538
141 18786 CKV 1363
27 3430 LFP 845
466 12295 APE 1128
976 4977 YDX 608
487 7498 BMF 1155
142 32604 JFR 1210
170 8256 WQC 996
287 4919 WKJ 1066
174 21416 KUI 1248
892 10468 POX 84
336 5716 RXB 478
7 19912 FNF 901
961 4566 KHW 522
807 15145 XTE 483
757 12674 LXU 1352
85 13031 QMK 1307
729 14835 ZHB 690
812 30946 VIJ 1450
943 15625 JWO 1170
127 30877 OWK 456
152 21132 GIX 90
417 22974 KDV 798
436 31495 KPX 391
5 12382 BWK 409
400 1608 SAZ 262
124 5556 RKR 967
676 24942 GAY 1159
70 28321 GMG 482
761 10350 KBS 340
668 26925 EKK 1352
950 22148 MTF 1215
773 1771 JIE 833
333 10635 FCP 1241
457 5651 GHE 1396
535 25190 CGM 540
544 29833 CBH 1200
671 3904 UVC 1416
315 9815 NZW 570
653 28956 VLO 305
822 20741 HXW 849
991 29935 ZOX 576
607 2695 DOY 751
589 32657 BBV 1094
236 6249 CCV 944
44 30523 BMN 1453
662 4641 EVD 336
459 32179 TJX 164
702 12489 UWR 1429
344 31020 IHU 130
855 31785 CPX 1096
518 20169 OWZ 153
698 7741 NSJ 720
971 29881 KUH 968
330 17296 VVP 958
627 29556 UQM 1306
279 29492 FYG 237
267 13877 EAM 1382
902 4983 SQG 1264
176 148 WTB 128
541 7239 UIL 1056
965 5169 AKV 755
762 6879 JEI 167
424 14243 RYX 1016
875 21970 HNK 513
89 12550 KSR 639
648 21926 ERN 193
185 5938 FOB 239
523 30259 PMV 1180
792 31901 GHU 163
87 30974 WYB 854
399 8055 NCR 396
510 1825 YBG 1046
575 361 XEU 155
838 30721 QNZ 1425
985 15271 IWT 427
784 31015 QMO 1462
928 12254 MOF 837
794 14336 LRN 1036
645 9768 XRZ 109
594 21479 SIY 365
458 19178 UDO 1316
86 13064 WZO 1428
695 30345 BHU 72
317 16955 RWU 1108
273 7128 ARW 506
782 31441 GMG 1189
564 42 DXG 1397
486 3690 BSU 1149
192 18115 PCC 589
918 11056 UGW 541
642 348 DOG 1430
39 2421 KNL 521
196 5071 NEF 841
144 12164 KBJ 97
140 2670 MZC 1082
460 18902 AYK 1035
305 3523 MPH 607
251 29486 DWR 1324
490 1731 GHO 392
963 31579 QWA 167
906 3766 BKK 1335
602 14469 ZQT 1271
833 4231 IHW 1028
38 3728 VAT 1319
164 20355 JHG 597
416 20476 LXJ 1301
97 14474 ZRN 450
263 8850 MFQ 1168
428 26260 TDQ 1165
481 10538 AYA 570
482 24917 RQG 268
497 40 WEJ 27
58 27088 SRT 839
831 19904 ZIO 276
275 22750 OIO 1163
249 5912 MNU 1418
329 12455 BGQ 832
880 16278 KVR 29
212 6995 MXR 251
539 14318 CIL 1058
741 9793 JSV 434
468 16840 VXZ 146
818 7592 HTP 1158
111 23216 OXY 1366
12 12316 TMW 289
248 2481 YYN 1437
206 4806 WKM 429
606 12937 AQN 558
506 13855 YFV 1151
55 10712 AOV 1387
358 29447 NPE 95
825 20124 VQY 642
105 13007 LEG 444
335 14801 BDD 881
576 29561 FWY 1404
562 8522 DWD 722
520 6724 HKF 382
348 14486 LSO 284
901 11320 AOJ 101
936 13472 BEO 629
909 751 KSM 598
307 25058 RKT 1245
921 5416 LSN 764
297 10208 DRE 1129
161 7038 ZTS 759
736 4931 TXM 1364
643 10872 MHI 143
952 16226 OXP 1004
717 28049 XIO 688
291 18529 CHJ 1401
266 20972 CTY 681
29 8909 VIP 601
586 28681 TQU 690
59 30932 JWH 701
92 23851 EEU 134
368 7375 IFS 95
102 21153 SUA 209
913 8186 MHL 1135
143 2363 OTH 253
361 27080 MWN 223
863 31654 PES 907
448 14964 WPJ 587
862 31539 YVE 935
45 25200 QOO 310
157 11342 KCF 260
452 24065 ZAR 483
53 31998 AJL 1203
180 28489 OID 695
256 9220 PUO 4
269 16595 TNE 1331
178 24050 BFC 1411
288 3340 TPJ 989
299 28761 GUP 195
972 25893 ORP 357
447 1847 HRM 435
580 6461 NBE 18
169 16036 UVE 1498
218 18352 MYU 1334
90 28019 TEK 174
46 14798 TLY 1028
983 26182 XSR 268
552 14855 AVW 1419
895 10057 DKU 685
682 31918 MEY 1290
800 19066 CSN 1110
82 4802 RDZ 45
705 5553 OKL 1174
758 30858 YZC 970
546 22161 EBK 1188
113 13022 DYD 709
687 28892 MOP 1400
437 18915 OVG 309
220 31418 HKT 1334
123 22701 ZUZ 1052
566 26919 VEZ 294
270 28182 IWX 172
414 8793 AEE 1385
955 8399 OKM 1447
581 17369 BCJ 134
290 1560 AUL 1287
793 30350 FKL 490
780 15055 HCW 1450
253 28532 GIP 525
156 22409 VFB 90
968 24565 QID 1317
150 28289 GFC 761
908 25456 TKA 363
104 30900 HEC 871
813 13540 XII 710
619 21295 BXI 1429
254 18283 ODK 103
493 22667 MVU 832
771 4202 RQE 579
346 16626 SQS 446
776 3012 MXX 581
6 5447 QDU 371
948 17569 HYN 243
912 20523 TRX 642
404 29130 WVN 818
958 16467 CHZ 121
233 2623 MMY 589
210 14708 ODK 635
439 18300 OOX 759
316 236 XXA 1181
904 5792 JZU 222
325 19447 CAU 277
684 20027 QNI 791
774 28488 FZB 272
136 17549 UDL 472
870 1360 GQU 266
570 18717 HUQ 138
819 71 IEB 503
716 21860 NFQ 1181
132 25990 NJW 664
827 24168 ABN 1020
853 6030 WZT 887
498 25089 HKW 845
94 9010 ZIJ 583
154 11600 HBB 29
639 20769 PZH 1200
51 22646 YYZ 1452
259 21991 IJG 233
469 20274 TAP 973
754 250 MFE 1152
997 9023 BGC 974
527 27759 YKX 258
367 9156 MWB 1447
934 18333 HZX 662
808 7813 JSQ 618
960 21300 WHR 900
342 9658 JUG 460
843 3318 TMI 28
474 17209 PJA 71
41 5249 JSW 324
719 22482 HYM 290
179 3676 DZE 564
149 18678 BAR 495
558 14262 LHU 1363
145 6704 UCW 1222
384 15005 NIL 343
990 17096 PVY 892
198 9676 DYY 312
692 10106 FSZ 269
742 19854 HTY 226
824 5259 SHZ 1045
673 2019 XSX 364
679 10459 TKB 512
533 15407 REC 1300
88 19711 UUN 1290
611 14962 SVB 1203
603 18633 PND 652
422 15722 WYX 416
891 259 FRO 1104
759 1707 SKW 1415
72 5535 OTO 53
122 15205 LIE 1294
724 17137 PMO 1199
42 6224 KUF 1499
272 25783 SME 1475
731 2286 OEF 360
160 4536 JRM 196
766 17452 ROV 24
426 18413 MOW 1171
301 6813 CWQ 1129
664 26067 JMP 1048
728 7640 XKE 1324
462 31717 UWJ 1257
276 26063 WHY 3
262 30238 FBT 17
451 3730 ICX 628
867 20967 ZMR 569
886 6126 TVP 1392
907 31159 UWZ 1335
722 8237 HTI 1133
184 32685 PQZ 731
530 12170 YZO 1417
678 9625 DIA 492
701 14286 UYJ 426
175 5454 BUR 766
715 27956 JHX 1027
556 17953 ACZ 1485
711 12628 JLR 1281
229 31923 KHT 418
171 1355 HNE 1353
396 19771 FZD 227
636 24395 DKC 923
864 23960 MDX 1048
588 27671 TLQ 330
247 30195 IUP 755
227 12570 VAF 482
338 2699 OBT 1177
839 2222 CWV 853
846 5488 CXH 815
357 10761 FBL 994
868 18456 QNK 635
873 8421 BLT 854
845 8250 HFS 1208
54 3557 GUB 579
887 15444 ZHL 1118
920 23396 ICK 788
559 5471 RKV 1022
250 1908 LHS 708
155 21543 XIF 646
805 20189 DHL 1144
514 3394 NPY 676
542 1988 FCS 1015
967 7545 ZSD 723
431 26867 HML 562
359 19095 FJM 796
52 29869 SCM 896
982 32020 RCK 919
987 23035 FKM 478
214 28486 GAJ 167
222 24520 UYP 1179
37 27938 KSF 468
680 5032 TDI 869
790 31502 WTO 1144
704 20122 XCS 290
231 7636 IGB 463
50 16202 IOJ 842
208 24114 DCA 299
933 24348 VNT 36
421 23639 FJP 837
661 3454 USK 753
483 15433 PXY 903
905 16128 GOF 613
826 24546 ZTO 663
264 11192 YJF 484
993 11849 OAM 1306
957 744 KRZ 1036
470 8290 GZP 1172
820 10999 BMU 558
289 5538 EFQ 1028
885 24833 RQR 540
550 8007 IFN 999
998 23175 QTE 125
503 3565 YAX 938
430 18588 LJD 947
816 19067 ZPP 359
326 30189 CCK 458
823 30169 PRW 719
226 11521 HPO 1243
425 25141 BAF 654
119 22848 VQN 1157
98 25423 YMM 124
911 29372 JLS 861
547 113 LPG 929
536 15621 EDE 271
74 26154 ANF 1195
532 14193 RAJ 1271
340 8247 GFR 894
889 14753 PEZ 1366
674 17093 PRG 872
854 3480 JNG 887
735 11822 QRH 1009
79 28070 ZJE 683
308 24081 FAC 772
322 27007 CEN 42
456 9850 SMT 499
492 30953 SNQ 813
202 28666 TRW 1341
828 1105 HRR 153
207 24307 DYY 1148
881 32371 FRJ 675
512 19539 TAT 252
622 10443 IZX 277
832 26072 OZX 99
617 2340 CUI 563
3 491 FIR 940
973 18829 WHJ 1372
347 12097 MCP 1293
321 6149 FHK 794
524 10677 PJF 1397
835 15447 QWC 149
43 32702 XXZ 853
402 24604 VVG 739
138 20601 TNZ 719
681 4651 XGV 698
620 28029 ZNC 1398
300 13716 QYL 458
578 4074 EFF 1335
57 16423 KDC 1292
545 14804 VCS 772
703 17132 XWQ 628
565 25452 IUD 779
910 17524 UWI 703
633 24979 FQJ 596
922 11417 QSV 829
954 30732 MRY 1028
700 28356 XNJ 1109
937 24196 ZNB 1230
801 5610 COV 697
213 26423 UYF 1020
787 2018 BZX 1202
255 26948 JQW 1286
381 32029 XWT 597
623 7452 PTQ 1440
15 15350 EFF 551
365 11874 YDS 1482
500 17651 XXL 100
548 656 RAT 1467
354 7768 GRI 543
613 19664 VFE 891
323 4882 MND 689
463 65 PQJ 1092
599 12033 JIF 783
628 13293 XKM 853
61 10555 CNF 519
640 29478 JAB 1298
93 23152 SRQ 428
756 25107 YHG 709
353 337 HCP 407
8 28703 VSR 1185
959 9190 IEP 516
324 6705 FDM 1372
9 4664 JPR 873
96 7882 EDD 1097
286 29891 EQG 215
429 20722 HYG 43
373 20666 HGB 680
572 8964 SQD 685
529 10324 CLF 49
641 26900 WWT 395
630 11738 PTL 442
860 31496 WDE 53
454 10498 FAR 1072
848 14462 DGL 1377
351 14507 SRU 949
975 30119 HLR 1128
568 16469 KYE 527
949 27580 XQK 469
395 7604 LVR 1208
438 29383 THU 1085
654 15811 ZFP 31
513 24115 HOD 1147
528 11829 UBU 1235
657 22312 WXO 845
260 29426 LLK 716
537 29669 MFN 586
296 12924 YGU 986
182 3878 FCZ 1487
464 2003 KCP 1099
538 6366 CUQ 327
749 26200 EPL 630
280 19810 DHA 504
989 17157 HFK 1101
312 5651 OMO 99
712 13245 MWA 223
563 27091 LKT 133
298 14196 KUB 1032
502 28128 WTA 942
306 7296 KAM 89
670 12036 JAU 1072
596 14854 OEW 63
555 32503 VZU 953
930 29979 TYW 621
866 14376 ESH 590
713 10677 XRF 747
217 27830 QOY 1313
917 7288 QUB 918
78 29334 EKJ 1341
177 24028 CUY 370
591 13377 AYY 1492
517 6125 KXE 395
197 22867 XVG 1339
561 29756 IIZ 1180
858 9260 MGS 433
999 2946 CHZ 37
582 2317 YJL 1440
672 5299 ICT 754
738 1084 UFA 1375
363 17040 TLP 1177
69 10808 MPX 775
577 20308 PAB 469
243 8779 WWW 1408
691 25149 AZR 442
355 17537 IQX 1298
114 11585 RJB 246
942 20353 EAV 1362
242 26268 EOW 795
343 2206 BSQ 209
294 13826 YEE 88
612 8705 XRL 698
806 6753 TXS 758
268 16590 JBP 701
17 11840 ASV 826
318 3065 ZRF 587
35 24021 WHM 501
387 28470 HHJ 482
777 28733 PYL 600
246 26122 PXN 123
584 17981 LXE 385
859 17236 MZM 1201
743 15492 PBS 577
475 8421 TFH 274
158 29954 KCO 455
107 5108 BPP 366
350 1331 NPC 702
278 7833 OSW 1434
919 12129 MIK 1054
986 28295 GLK 729
434 9458 TGT 1039
583 21867 ITL 483
714 7406 AKZ 1219
540 25808 ECI 297
257 8925 IMV 980
772 12516 ZFB 229
108 14460 QTG 1418
120 23754 LRZ 474
857 16096 EFK 522
71 4144 EUF 663
215 12022 CKL 928
106 2303 UNK 482
931 6369 APK 447
789 1943 MIT 1158
882 9934 GDJ 1484
795 28856 KMS 1196
378 3335 TXD 807
501 23390 YSX 889
91 26302 DCY 109
148 22913 ZRI 1058
84 31003 CHH 241
401 1338 OIJ 670
830 19555 XEU 1259
557 23407 EPW 897
129 20072 AMD 1442
769 32621 ZIH 373
327 2028 AYD 1285
779 565 BIY 1481
341 30032 LMZ 442
755 2670 DCO 772
652 20540 LWN 585
739 24828 YAY 1315
23 5829 XZB 24
441 17233 KNH 1003
304 17006 MHG 1266
370 5340 MKH 246
615 22511 YXJ 1143
953 3005 YTD 606
770 1436 ZRI 302
655 26615 WYC 163
764 16561 WAP 871
411 18283 XAX 135
595 11458 EXW 1369
525 25264 LZM 1441
153 29763 BVT 530
382 11420 GKY 1084
163 14955 WSJ 40
241 13161 YCG 549
303 27032 JGM 520
337 28274 QRL 1290
162 19923 FRO 448
775 20851 FNW 57
221 24230 DZI 230
0 41 HQG 1182
505 21265 IBE 1325
685 27669 JZA 1117
573 23775 ASO 57
944 20135 SGW 1371
34 10291 AOW 100
473 20386 VFX 352
302 10904 ZMA 205
443 9658 LEB 1003
980 28366 ZJO 114
159 12843 GKU 86
223 1655 FMB 276
331 27124 OJO 276
666 32621 CVV 223
924 19917 LHW 1196
926 27395 CSF 510
900 25713 EEW 985
20 4833 TLS 220
977 6562 OSA 642
646 28942 TBQ 1022
941 26588 OUI 1391
101 20326 VNP 65
95 30227 FIO 613
374 28315 ABV 1027
519 18721 SDN 590
427 8935 GON 890
660 28870 CZL 416
852 5769 PHB 31
362 20968 BUP 288
874 24308 DYZ 1197
366 18455 FPE 69
480 19567 HWZ 252
285 30648 HNI 153
230 19737 IHE 402
116 12053 KWQ 659
372 23335 WAF 471
10 25547 GGX 551
77 3625 JUG 342
328 31348 XTT 602
18 16944 REN 1041
204 29309 FOZ 636
364 12259 DMP 382
310 6172 LDA 1175
649 30227 LQY 1106
786 29334 IUP 1206
560 14523 NVG 1399
737 6599 CAX 462
281 7328 YHS 809
720 32488 VWG 941
797 8315 AHQ 991
521 16002 OFI 33
383 7229 IOL 491
195 21363 CQA 1205
28 15457 PLJ 1455
844 32702 YVG 830
311 5055 LTE 753
877 11771 DJP 1088
871 3338 WTC 769
200 26667 UDM 941
352 7152 HYN 399
252 8166 GFM 802
477 10700 KRC 206
377 27368 FQW 1299
511 4998 ZMB 1198
26 27350 GPO 476
554 15275 AMX 973
637 13993 VBE 1122
293 9277 VRI 512
618 21476 IPY 1335
65 23195 VGY 1116
445 18008 LYQ 1215
22 5021 POO 275
380 18661 XMR 50
836 24061 XZI 842
172 14625 JHA 204
927 10929 YLB 9
656 30335 WZZ 1042
760 8239 ULS 820
81 13985 IEP 133
489 25449 IDZ 1444
992 25739 UBD 243
903 24390 ZVH 1488
734 20084 GAB 1410
629 75 MSY 576
531 14878 HTU 540
320 2445 OXV 767
721 27799 HJE 305
166 16142 WEI 940
888 16519 QVC 8
935 23144 FPP 581
747 1344 CPI 1397
817 23448 LBM 839
499 12570 MTP 7
898 17408 JUE 825
277 19435 VRU 1387
83 1924 ZUJ 691
916 9846 TNE 633